Sunny

0 0 0 40 40
0 0 0 40 40
0 0 0 40 40
0 0 0 40 40
0 0 0 40 40
0 0 0 40 40
0 0 0 40 40
0 0 0 40 40
0 0 0 40 40
0 0 0 40 40
0 0 0 40 40
0 0 0 40 40
0 0 0 40 40
0 0 0 40 40
0 0 0 40 40
0 0 0 40 40
0 0 0 40 40
0 0 0 40 40
0 0 0 40 40
0 0 0 40 40
0 0 0 40 40
0 0 0 40 40
0 0 0 40 40
0 0 0 40 40
0 0 0 40 40
0 0 0 40 40
0 0 0 40 40
0 0 0 40 40
0 0 0 40 40
100 100 100 30 30
100 100 100 45 45
100 100 100 34 34
100 100 100 38 38
100 100 100 49 49
100 100 100 31 31
100 100 100 33 33
100 100 100 46 46
100 100 100 30 30
100 100 100 36 36
100 100 100 42 42
100 100 100 37 37
100 100 100 30 30
100 100 100 40 40
100 100 100 48 48
100 100 100 34 34
100 100 100 44 44
100 100 100 31 31
100 100 100 35 35
100 100 100 50 50
100 100 100 39 39
100 100 100 41 41
100 100 100 36 36
100 100 100 43 43
100 100 100 32 32
100 100 100 33 33
100 100 100 37 37
100 100 100 47 47
100 100 100 45 45
100 100 100 31 31
100 100 100 40 40
100 100 100 38 38
100 100 100 46 46
100 100 100 44 44
100 100 100 35 35
100 100 100 36 36
100 100 100 30 30
100 100 100 41 41
100 100 100 48 48
100 100 100 39 39
100 100 100 32 32
100 100 100 50 50
100 100 100 38 38
100 100 100 30 30
100 100 100 43 43
100 100 100 47 47
100 100 100 34 34
100 100 100 45 45
100 100 100 33 33
100 100 100 31 31
100 100 100 37 37
100 100 100 49 49
100 100 100 39 39
100 100 100 40 40
100 100 100 35 35
100 100 100 44 44
100 100 100 36 36
100 100 100 32 32
100 100 100 46 46
100 100 100 50 50
0 0 0 34 34
0 0 0 40 40
0 0 0 30 30
0 0 0 38 38
0 0 0 41 41
0 0 0 47 47
0 0 0 33 33
0 0 0 35 35
0 0 0 31 31
0 0 0 36 36
0 0 0 42 42
0 0 0 37 37
0 0 0 43 43
0 0 0 50 50
0 0 0 48 48
0 0 0 30 30
0 0 0 44 44
0 0 0 32 32
0 0 0 46 46
0 0 0 39 39
0 0 0 45 45
0 0 0 34 34
0 0 0 31 31
0 0 0 33 33
0 0 0 40 40
0 0 0 36 36
0 0 0 30 30
0 0 0 50 50
0 0 0 41 41
0 0 0 38 38
80 80 80 44 44
80 80 80 46 46
80 80 80 39 39
80 80 80 30 30
80 80 80 32 32
80 80 80 47 47
80 80 80 33 33
80 80 80 31 31
80 80 80 43 43
80 80 80 35 35
80 80 80 34 34
80 80 80 38 38
80 80 80 36 36
80 80 80 45 45
80 80 80 50 50
80 80 80 48 48
80 80 80 42 42
80 80 80 37 37
80 80 80 44 44
80 80 80 41 41
80 80 80 30 30
80 80 80 46 46
80 80 80 31 31
80 80 80 33 33
80 80 80 40 40
80 80 80 32 32
80 80 80 34 34
80 80 80 35 35
80 80 80 38 38
80 80 80 36 36
80 80 80 47 47
80 80 80 37 37
80 80 80 50 50
80 80 80 45 45
80 80 80 30 30
80 80 80 49 49
80 80 80 41 41
80 80 80 39 39
80 80 80 48 48
80 80 80 31 31
80 80 80 43 43
80 80 80 44 44
0 0 0 34 34
0 0 0 30 30
0 0 0 40 40
0 0 0 35 35
0 0 0 33 33
0 0 0 47 47
0 0 0 36 36
0 0 0 32 32